%Processing data from the AFE4490
%Graphing the data to help visualize it 

%Written by Chloe Melnick
%Last update 06/07/2019
%%
IR = [0.88710079
0.88806495
0.88919219
0.89046363
0.89148912
0.89281949
0.89429168
0.89554138
0.89712924
0.89872751
0.90043487
0.90188484
0.90357227
0.90520248
0.90666971
0.90836629
0.91015377
0.91206893
0.91390457
0.91626844
0.91866884
0.92104797
0.921912
0.91897087
0.90901222
0.89572448
0.88136272
0.8704463
0.8625389
0.85772438
0.85419569
0.85245046
0.85192737
0.85215625
0.85311641
0.85434093
0.85561189
0.85712985
0.85857238
0.8600481
0.86150207
0.86342582
0.86525402
0.86638126
0.86708459
0.86702041
0.86640987
0.86542396
0.86388416
0.86233692
0.86125097
0.86039266
0.86002645
0.86019239
0.86062946
0.861553
0.86273298
0.86422519
0.86561689
0.8673335
0.86917762
0.87078104
0.87263259
0.87447052
0.876198
0.87763423
0.87928686
0.88089809
0.88208255
0.88348331
0.88479595
0.88601531
0.88699378
0.8880845
0.88910923
0.89011745
0.89103012
0.89208869
0.89317817
0.89412126
0.89526281
0.89646205
0.89770612
0.8988367
0.90014247
0.90172977
0.90327653
0.90536899
0.90760688
0.90978012
0.91077527
0.90870494
0.900638
0.88745555
0.87677936
0.86657819
0.85874919
0.85382537
0.84981079
0.84755973
0.84666481
0.84664306
0.84723243
0.84808044
0.84894962
0.84993953
0.85084476
0.85162363
0.85237321
0.85342483
0.8547203
0.85588655
0.85669155
0.85714473
0.85718135
0.85678424
0.85597972
0.85501041
0.85414295
0.85358104
0.85332469
0.85337619
0.85380945
0.85454807
0.85554323
0.85681686
0.85802707
0.85949535
0.86106548
0.86261568
0.86392993
0.86547098
0.8669197
0.86822042
0.86961193
0.87098922
0.8722681
0.87328157
0.87452487
0.87566928
0.87656078
0.87755756
0.87845478
0.87941379
0.88028984
0.88130435
0.88240823
0.88334255
0.88457164
0.88588371
0.88724098
0.88850955
0.88996353
0.8914215
0.89298191
0.89426822
0.89571485
0.89715728
0.89848766
0.90012245
0.90196838
0.90410337
0.9059452
0.90743522
0.90611467
0.90038738
0.88802261
0.87529859
0.86469497
0.85768718
0.85158462
0.84756097
0.84533901
0.84452419
0.84448251
0.84498319
0.84564342
0.8464509
0.84715518
0.84776458
0.84809818
0.84850158
0.84891815
0.84956474
0.8505495
0.85148963
0.8522273
0.85262145
0.85282573
0.85272331
0.85240001
0.85203847
0.85161666
0.85143241
0.85142335
0.85178432
0.85228738
0.8530838
0.85381107
0.85485591
0.85602264
0.85708694
0.85840473
0.85968704
0.86103687
0.86207599
0.86333026
0.86452846
0.86562366
0.86650314
0.86746511
0.86840858
0.86917476
0.86994438
0.87075242
0.87152309
0.87223443
0.87303085
0.87388343
0.87461357
0.87557716
0.87659397
0.87764225
0.87851371
0.87956886
0.88072071
0.88190116
0.88303585
0.88433475
0.88564281
0.88683242
0.88822469
0.88959798
0.89091119
0.89198169
0.89328804
0.8944828
0.89548702
0.89663658
0.89793605
0.89940776
0.90085611
0.90264759
0.90406665
0.90388755
0.89978542
0.89032688
0.87947444
0.87113056
0.86326847
0.85759458
0.85404281
0.85250358
0.85206995
0.85253448
0.85339393
0.85463342
0.85605583
0.85730323
0.85817356
0.85891742
0.85962524
0.86032114
0.86143283
0.86262187
0.86353282
0.86391849
0.86396894
0.86368732
0.86314544
0.86251373
0.86187
0.8613945
0.86125717
0.8613573
0.86181173
0.86253604
0.8633646
0.86455593
0.86574783
0.86693801
0.86828498
0.86962518
0.87098236
0.87203521
0.87318649
0.87432346
0.87542448
0.87627182
0.8772932
0.87819967
0.87892112
0.87971191
0.88053932
0.88128604
0.88190755
0.88272008
0.88347187
0.88424835
0.88513011
0.88608913
0.88701496
0.88791618
0.88900861
0.89018039
0.89140548
0.89246635
0.89372463
0.89495096
0.89606266
0.89732561
0.89848594
0.89964523
0.90071125
0.90189514
0.90328903
0.90455703
0.90623016
0.90804462
0.9094614
0.90948314
0.90596351
0.8978857
0.88833341
0.88077459
0.87345371
0.8679944
0.86489877
0.86297378
0.86251716
0.8629692
0.86379261
0.86509952
0.86646089
0.86762866
0.86875877
0.86960849
0.87026481
0.87088222
0.87190361
0.87316188
0.87429199
0.87494955
0.87531337
0.87525959
0.87505187
0.87459239
0.8741146
0.87373294
0.87361507
0.87372093
0.87412843
0.87472
0.87561149
0.87674217
0.8780611
0.87921981
0.88064117
0.88208255
0.88328018
0.88460264
0.88592948
0.88716259
0.88814277
0.88922319
0.89025192
0.89121952
0.89204921
0.89290122
0.89371948
0.89442787
0.8952301
0.89602317
0.89687805
0.89756879
0.89850654
0.89947471
0.90033826
0.90140256
0.90251026
0.90369071
0.90485115
0.90613574
0.90746841
0.90884122
0.91009197
0.91149215
0.91305837
0.91431884
0.91581926
0.91729431
0.91875686
0.92004089
0.92146224
0.92275543
0.92391128
0.92525424
0.92674026
0.92846431
0.93015012
0.93179969
0.93188896
0.92754764
0.9189085
0.90732021
0.89728946
0.89030752
0.88413105
0.88001747
0.87795581
0.87732295
0.87749519
0.87828311
0.87919692
0.88039627
0.88150463
0.88242187
0.88294143
0.88339061
0.88373451
0.88435134
0.8851387
0.8862854
0.88737945
0.88802204
0.88853702
0.88869552
0.88855247
0.88841285
0.88818569
0.88814048
0.88811702
0.88832817
0.88880081
0.88956184
0.89039211
0.8914215
0.89274225
0.89409885
0.89526281
0.89663829
0.8979824
0.89909305
0.90037021
0.90161428
0.90281982
0.90376224
0.90481004
0.90579872
0.90659923
0.90746097
0.9082386
0.90902652
0.90974464
0.91058406
0.9114252
0.91226234
0.91307373
0.91404304
0.91507987
0.91600112
0.91711692
0.91828308
0.91949567
0.920545
0.92183418
0.92319259
0.92427406
0.92566118
0.9270195
0.92844085
0.92964372
0.93107242
0.93249378
0.93381509
0.93531589
0.93679676
0.93819923
0.93945465
0.94085483
0.94221897
0.94346752
0.94458045
0.94583873
0.94726524
0.94863338
0.95036144
0.95219364
0.95333175
0.95236759
0.94669256
0.93587722
0.92656745
0.91741571
0.91029396
0.9053009
0.90263156
0.90133962
0.90133552
0.90208168
0.90316314
0.90472526
0.90641956
0.90770826
0.90895214
0.90980014
0.91053657
0.91118659
0.91222801
0.91338787
0.91426048
0.91487617
0.91505184
0.91483268
0.91439552
0.91387948
0.91335926
0.91296615
0.91279907
0.91288032
0.91332445
0.91390523
0.91482648
0.91594905
0.91725263
0.91838607
0.91965351
0.92095813
0.9219881
0.92311134
0.92415504
0.92522058
0.92605886
0.92712249
0.92808551
0.92899646
0.92977981
0.93063526
0.93147411
0.93221054
0.93304882
0.9338809
0.93474206
0.93547782
0.93631277
0.93721046
0.93803272
0.93898544
0.93994789
0.94100418
0.94191799
0.94306926
0.94429664
0.94555387
0.94658317
0.94784774
0.9491559
0.95026988
0.95157508
0.95289812
0.95412368
0.95511589
0.95631523
0.95757408
0.95877571
0.96037445
0.96196517
0.9632904
0.96306838
0.95932397
0.95075855
0.94086856
0.9331644
0.92559299
0.91996593
0.91669063
0.91474857
0.91431598
0.91480932
0.91567726
0.9170248
0.91858921
0.9198698
0.92116651
0.92219009
0.92296323
0.92361431
0.92463979
0.92588148
0.92702808
0.92764778
0.92803916
0.92803688
0.92781028
0.92736225
0.92687644
0.92642726
0.92623338
0.92621555
0.92650394
0.92696866
0.927816
0.92881736
0.93004875
0.93125953
0.93259344
0.93405761
0.935293
0.93666687
0.93797092
0.93924865
0.94025402
0.94132633
0.94240264
0.9433566
0.94418506
0.94497928
0.94580154
0.94645557
0.94719324
0.94797763
0.94878902
0.94950428
0.95038833
0.95141324
0.95224227
0.95322532
0.95429248
0.95536022
0.9563095
0.95749111
0.95862808
0.95977935
0.96075038
0.96195487
0.96317253
0.96421165
0.96545848
0.96668128
0.96792354
0.96898899
0.97022495
0.9713665
0.97240743
0.97370109
0.97515401
0.97674007
0.97814769
0.97936191
0.97840347
0.97273521
0.96347408
0.95153913
0.94120798
0.93402271
0.92773189
0.92370996
0.92165966
0.92113952
0.92144336
